%YAML:1.0
---
K: !!opencv-matrix
   rows: 3
   cols: 3
   dt: d
   data: [ 3.0864949271685728e+03, 0., 1.5040341228904756e+03, 0.,
       3.0859239080314378e+03, 1.4872856435323088e+03, 0., 0., 1. ]
D: !!opencv-matrix
   rows: 1
   cols: 5
   dt: d
   data: [ 1.0855058608103710e-01, -1.9228983847798731e-01,
       1.3501389191800820e-03, -2.4378943857327208e-03,
       -4.0454591110048888e-01 ]
